bg_color white
select atom_c, name C
select atom_h, atom_c around 1.5
show sticks, atom_c
show sticks, atom_h
set stick_radius, 0.1
show spheres, atom_c
show spheres, atom_h
alter atom_h, vdw=0.48
alter atom_c, vdw=0.68
alter atom_c, vdw=0.02
set_color atom_c = [128 , 73 , 41]
set_color color_h= [255 , 217 , 217]
util.color_deep("a_ atom_c ", 'atom_c', 0)
util.color_deep("color_h", 'atom_h', 0)
rebuild
util.ray_shadows('none')
set light_count, 2
set light=[-0.0,-0.0,-1.0]
set specular, 0.9
set shininess, 90
set direct, 0.5
cmd.zoom('center','6.5')
cmd.disable("atom_h")
set stick_radius,0.15
set sphere_scale,0.2
set sphere_scale,0.3
set sphere_scale,0.4
set sphere_scale,0.5
set sphere_scale,0.7
set sphere_scale,0.55
distance 542/oe1,538/ne
distance 542/oe2,538/nh2
distance 10/OD2,106/HH12
_ set_view (\
_     1.000000000,    0.000000000,    0.000000000,\
_     0.000000000,    1.000000000,    0.000000000,\
_     0.000000000,    0.000000000,    1.000000000,\
_     0.000000000,    0.000000000,  -36.863334656,\
_    -1.333813667,   -0.033899307,   -0.019556046,\
_    29.063335419,   44.663333893,  -20.000000000 )
_ set_view (\
_     0.950416565,    0.310979217,    0.000000000,\
_    -0.310979217,    0.950416565,    0.000000000,\
_     0.000000000,    0.000000000,    1.000000000,\
_     0.000000000,    0.000000000,  -36.863334656,\
_    -1.333813667,   -0.033899307,   -0.019556046,\
_    29.063335419,   44.663333893,  -20.000000000 )
_ set_view (\
_     0.950416565,    0.310979217,    0.000000000,\
_    -0.310979217,    0.950416565,    0.000000000,\
_     0.000000000,    0.000000000,    1.000000000,\
_     0.000000000,    0.000000000,  -36.863334656,\
_    -1.333813667,   -0.033899307,   -0.019556046,\
_    29.063335419,   44.663333893,  -20.000000000 )
_ set_view (\
_     0.950416565,    0.310979217,    0.000000000,\
_    -0.310979217,    0.950416565,    0.000000000,\
_     0.000000000,    0.000000000,    1.000000000,\
_     0.000000000,    0.000000000,  -36.570926666,\
_    -1.333813667,   -0.033899307,   -0.019556046,\
_    28.770929337,   44.370925903,  -20.000000000 )
_ set_view (\
_     0.950416565,    0.310979217,    0.000000000,\
_    -0.310979217,    0.950416565,    0.000000000,\
_     0.000000000,    0.000000000,    1.000000000,\
_     0.000000000,    0.000000000,  -36.425308228,\
_    -1.333813667,   -0.033899307,   -0.019556046,\
_    28.625308990,   44.225307465,  -20.000000000 )
_ set_view (\
_     0.950416565,    0.310979217,    0.000000000,\
_    -0.310979217,    0.950416565,    0.000000000,\
_     0.000000000,    0.000000000,    1.000000000,\
_     0.000000000,    0.000000000,  -36.280265808,\
_    -1.333813667,   -0.033899307,   -0.019556046,\
_    28.480266571,   44.080265045,  -20.000000000 )
_ set_view (\
_     0.950416565,    0.310979217,    0.000000000,\
_    -0.310979217,    0.950416565,    0.000000000,\
_     0.000000000,    0.000000000,    1.000000000,\
_     0.000000000,    0.000000000,  -36.063999176,\
_    -1.333813667,   -0.033899307,   -0.019556046,\
_    28.264001846,   43.863998413,  -20.000000000 )
_ set_view (\
_     0.950416565,    0.310979217,    0.000000000,\
_    -0.310979217,    0.950416565,    0.000000000,\
_     0.000000000,    0.000000000,    1.000000000,\
_     0.000000000,    0.000000000,  -35.849025726,\
_    -1.333813667,   -0.033899307,   -0.019556046,\
_    28.049026489,   43.649024963,  -20.000000000 )
_ set_view (\
_     0.950416565,    0.310979217,    0.000000000,\
_    -0.310979217,    0.950416565,    0.000000000,\
_     0.000000000,    0.000000000,    1.000000000,\
_     0.000000000,    0.000000000,  -35.494277954,\
_    -1.333813667,   -0.033899307,   -0.019556046,\
_    27.694276810,   43.294277191,  -20.000000000 )
_ set_view (\
_     0.950416565,    0.310979217,    0.000000000,\
_    -0.310979217,    0.950416565,    0.000000000,\
_     0.000000000,    0.000000000,    1.000000000,\
_     0.000000000,    0.000000000,  -35.282695770,\
_    -1.333813667,   -0.033899307,   -0.019556046,\
_    27.482694626,   43.082695007,  -20.000000000 )
_ set_view (\
_     0.950416565,    0.310979217,    0.000000000,\
_    -0.310979217,    0.950416565,    0.000000000,\
_     0.000000000,    0.000000000,    1.000000000,\
_     0.000000000,    0.000000000,  -34.933551788,\
_    -1.333813667,   -0.033899307,   -0.019556046,\
_    27.133552551,   42.733551025,  -20.000000000 )
_ set_view (\
_     0.950416565,    0.310979217,    0.000000000,\
_    -0.310979217,    0.950416565,    0.000000000,\
_     0.000000000,    0.000000000,    1.000000000,\
_     0.000000000,    0.000000000,  -34.587863922,\
_    -1.333813667,   -0.033899307,   -0.019556046,\
_    26.787864685,   42.387863159,  -20.000000000 )
_ set_view (\
_     0.950416565,    0.310979217,    0.000000000,\
_    -0.310979217,    0.950416565,    0.000000000,\
_     0.000000000,    0.000000000,    1.000000000,\
_     0.000000000,    0.000000000,  -34.110580444,\
_    -1.333813667,   -0.033899307,   -0.019556046,\
_    26.310579300,   41.910579681,  -20.000000000 )
_ set_view (\
_     0.950416565,    0.310979217,    0.000000000,\
_    -0.310979217,    0.950416565,    0.000000000,\
_     0.000000000,    0.000000000,    1.000000000,\
_     0.000000000,    0.000000000,  -33.639877319,\
_    -1.333813667,   -0.033899307,   -0.019556046,\
_    25.839878082,   41.439876556,  -20.000000000 )
_ set_view (\
_     0.950416565,    0.310979217,    0.000000000,\
_    -0.310979217,    0.950416565,    0.000000000,\
_     0.000000000,    0.000000000,    1.000000000,\
_     0.000000000,    0.000000000,  -33.110404968,\
_    -1.333813667,   -0.033899307,   -0.019556046,\
_    25.310403824,   40.910404205,  -20.000000000 )
_ set_view (\
_     0.950416565,    0.310979217,    0.000000000,\
_    -0.310979217,    0.950416565,    0.000000000,\
_     0.000000000,    0.000000000,    1.000000000,\
_     0.000000000,    0.000000000,  -32.653507233,\
_    -1.333813667,   -0.033899307,   -0.019556046,\
_    24.853504181,   40.453506470,  -20.000000000 )
_ set_view (\
_     0.950416565,    0.310979217,    0.000000000,\
_    -0.310979217,    0.950416565,    0.000000000,\
_     0.000000000,    0.000000000,    1.000000000,\
_     0.000000000,    0.000000000,  -32.139556885,\
_    -1.333813667,   -0.033899307,   -0.019556046,\
_    24.339551926,   39.939556122,  -20.000000000 )
_ set_view (\
_     0.950416565,    0.310979217,    0.000000000,\
_    -0.310979217,    0.950416565,    0.000000000,\
_     0.000000000,    0.000000000,    1.000000000,\
_     0.000000000,    0.000000000,  -31.509706497,\
_    -1.333813667,   -0.033899307,   -0.019556046,\
_    23.709701538,   39.309707642,  -20.000000000 )
_ set_view (\
_     0.950416565,    0.310979217,    0.000000000,\
_    -0.310979217,    0.950416565,    0.000000000,\
_     0.000000000,    0.000000000,    1.000000000,\
_     0.000000000,    0.000000000,  -30.952861786,\
_    -1.333813667,   -0.033899307,   -0.019556046,\
_    23.152856827,   38.752861023,  -20.000000000 )
_ set_view (\
_     0.950416565,    0.310979217,    0.000000000,\
_    -0.310979217,    0.950416565,    0.000000000,\
_     0.000000000,    0.000000000,    1.000000000,\
_     0.000000000,    0.000000000,  -30.286914825,\
_    -1.333813667,   -0.033899307,   -0.019556046,\
_    22.486909866,   38.086914062,  -20.000000000 )
_ set_view (\
_     0.950416565,    0.310979217,    0.000000000,\
_    -0.310979217,    0.950416565,    0.000000000,\
_     0.000000000,    0.000000000,    1.000000000,\
_     0.000000000,    0.000000000,  -29.693374634,\
_    -1.333813667,   -0.033899307,   -0.019556046,\
_    21.893369675,   37.493373871,  -20.000000000 )
_ set_view (\
_     0.950416565,    0.310979217,    0.000000000,\
_    -0.310979217,    0.950416565,    0.000000000,\
_     0.000000000,    0.000000000,    1.000000000,\
_     0.000000000,    0.000000000,  -29.054525375,\
_    -1.333813667,   -0.033899307,   -0.019556046,\
_    21.254520416,   36.854526520,  -20.000000000 )
_ set_view (\
_     0.950416565,    0.310979217,    0.000000000,\
_    -0.310979217,    0.950416565,    0.000000000,\
_     0.000000000,    0.000000000,    1.000000000,\
_     0.000000000,    0.000000000,  -28.318645477,\
_    -1.333813667,   -0.033899307,   -0.019556046,\
_    20.518640518,   36.118648529,  -20.000000000 )
_ set_view (\
_     0.950416565,    0.310979217,    0.000000000,\
_    -0.310979217,    0.950416565,    0.000000000,\
_     0.000000000,    0.000000000,    1.000000000,\
_     0.000000000,    0.000000000,  -27.601404190,\
_    -1.333813667,   -0.033899307,   -0.019556046,\
_    19.801399231,   35.401405334,  -20.000000000 )
_ set_view (\
_     0.950416565,    0.310979217,    0.000000000,\
_    -0.310979217,    0.950416565,    0.000000000,\
_     0.000000000,    0.000000000,    1.000000000,\
_     0.000000000,    0.000000000,  -26.797510147,\
_    -1.333813667,   -0.033899307,   -0.019556046,\
_    18.997505188,   34.597511292,  -20.000000000 )
_ set_view (\
_     0.950416565,    0.310979217,    0.000000000,\
_    -0.310979217,    0.950416565,    0.000000000,\
_     0.000000000,    0.000000000,    1.000000000,\
_     0.000000000,    0.000000000,  -26.017030716,\
_    -1.333813667,   -0.033899307,   -0.019556046,\
_    18.217025757,   33.817031860,  -20.000000000 )
_ set_view (\
_     0.950416565,    0.310979217,    0.000000000,\
_    -0.310979217,    0.950416565,    0.000000000,\
_     0.000000000,    0.000000000,    1.000000000,\
_     0.000000000,    0.000000000,  -25.210357666,\
_    -1.333813667,   -0.033899307,   -0.019556046,\
_    17.410352707,   33.010360718,  -20.000000000 )
_ set_view (\
_     0.950416565,    0.310979217,    0.000000000,\
_    -0.310979217,    0.950416565,    0.000000000,\
_     0.000000000,    0.000000000,    1.000000000,\
_     0.000000000,    0.000000000,  -24.476104736,\
_    -1.333813667,   -0.033899307,   -0.019556046,\
_    16.676099777,   32.276107788,  -20.000000000 )
_ set_view (\
_     0.950416565,    0.310979217,    0.000000000,\
_    -0.310979217,    0.950416565,    0.000000000,\
_     0.000000000,    0.000000000,    1.000000000,\
_     0.000000000,    0.000000000,  -23.763237000,\
_    -1.333813667,   -0.033899307,   -0.019556046,\
_    15.963232040,   31.563240051,  -20.000000000 )
_ set_view (\
_     0.950416565,    0.310979217,    0.000000000,\
_    -0.310979217,    0.950416565,    0.000000000,\
_     0.000000000,    0.000000000,    1.000000000,\
_     0.000000000,    0.000000000,  -23.071130753,\
_    -1.333813667,   -0.033899307,   -0.019556046,\
_    15.271126747,   30.871133804,  -20.000000000 )
_ set_view (\
_     0.950416565,    0.310979217,    0.000000000,\
_    -0.310979217,    0.950416565,    0.000000000,\
_     0.000000000,    0.000000000,    1.000000000,\
_     0.000000000,    0.000000000,  -22.355796814,\
_    -1.333813667,   -0.033899307,   -0.019556046,\
_    14.555793762,   30.155799866,  -20.000000000 )
_ set_view (\
_     0.950416565,    0.310979217,    0.000000000,\
_    -0.310979217,    0.950416565,    0.000000000,\
_     0.000000000,    0.000000000,    1.000000000,\
_     0.000000000,    0.000000000,  -21.130270004,\
_    -1.333813667,   -0.033899307,   -0.019556046,\
_    13.330266953,   28.930273056,  -20.000000000 )
_ set_view (\
_     0.950416565,    0.310979217,    0.000000000,\
_    -0.310979217,    0.950416565,    0.000000000,\
_     0.000000000,    0.000000000,    1.000000000,\
_     0.000000000,    0.000000000,  -20.595092773,\
_    -1.333813667,   -0.033899307,   -0.019556046,\
_    12.795088768,   28.395095825,  -20.000000000 )
_ set_view (\
_     0.950416565,    0.310979217,    0.000000000,\
_    -0.310979217,    0.950416565,    0.000000000,\
_     0.000000000,    0.000000000,    1.000000000,\
_     0.000000000,    0.000000000,  -20.034137726,\
_    -1.333813667,   -0.033899307,   -0.019556046,\
_    12.234134674,   27.834140778,  -20.000000000 )
_ set_view (\
_     0.950416565,    0.310979217,    0.000000000,\
_    -0.310979217,    0.950416565,    0.000000000,\
_     0.000000000,    0.000000000,    1.000000000,\
_     0.000000000,    0.000000000,  -19.526721954,\
_    -1.333813667,   -0.033899307,   -0.019556046,\
_    11.726719856,   27.326725006,  -20.000000000 )
_ set_view (\
_     0.950416565,    0.310979217,    0.000000000,\
_    -0.310979217,    0.950416565,    0.000000000,\
_     0.000000000,    0.000000000,    1.000000000,\
_     0.000000000,    0.000000000,  -18.994869232,\
_    -1.333813667,   -0.033899307,   -0.019556046,\
_    11.194866180,   26.794872284,  -20.000000000 )
_ set_view (\
_     0.950416565,    0.310979217,    0.000000000,\
_    -0.310979217,    0.950416565,    0.000000000,\
_     0.000000000,    0.000000000,    1.000000000,\
_     0.000000000,    0.000000000,  -18.622621536,\
_    -1.333813667,   -0.033899307,   -0.019556046,\
_    10.822617531,   26.422624588,  -20.000000000 )
_ set_view (\
_     0.950416565,    0.310979217,    0.000000000,\
_    -0.310979217,    0.950416565,    0.000000000,\
_     0.000000000,    0.000000000,    1.000000000,\
_     0.000000000,    0.000000000,  -18.186388016,\
_    -1.333813667,   -0.033899307,   -0.019556046,\
_    10.386383057,   25.986391068,  -20.000000000 )
_ set_view (\
_     0.950416565,    0.310979217,    0.000000000,\
_    -0.310979217,    0.950416565,    0.000000000,\
_     0.000000000,    0.000000000,    1.000000000,\
_     0.000000000,    0.000000000,  -17.864994049,\
_    -1.333813667,   -0.033899307,   -0.019556046,\
_    10.064989090,   25.664997101,  -20.000000000 )
_ set_view (\
_     0.950416565,    0.310979217,    0.000000000,\
_    -0.310979217,    0.950416565,    0.000000000,\
_     0.000000000,    0.000000000,    1.000000000,\
_     0.000000000,    0.000000000,  -17.412517548,\
_    -1.333813667,   -0.033899307,   -0.019556046,\
_     9.612512589,   25.212520599,  -20.000000000 )
_ set_view (\
_     0.950416565,    0.310979217,    0.000000000,\
_    -0.310979217,    0.950416565,    0.000000000,\
_     0.000000000,    0.000000000,    1.000000000,\
_     0.000000000,    0.000000000,  -17.172237396,\
_    -1.333813667,   -0.033899307,   -0.019556046,\
_     9.372233391,   24.972240448,  -20.000000000 )
_ set_view (\
_     0.950416565,    0.310979217,    0.000000000,\
_    -0.310979217,    0.950416565,    0.000000000,\
_     0.000000000,    0.000000000,    1.000000000,\
_     0.000000000,    0.000000000,  -16.935274124,\
_    -1.333813667,   -0.033899307,   -0.019556046,\
_     9.135270119,   24.735277176,  -20.000000000 )
_ set_view (\
_     0.950416565,    0.310979217,    0.000000000,\
_    -0.310979217,    0.950416565,    0.000000000,\
_     0.000000000,    0.000000000,    1.000000000,\
_     0.000000000,    0.000000000,  -16.701580048,\
_    -1.333813667,   -0.033899307,   -0.019556046,\
_     8.901576996,   24.501583099,  -20.000000000 )
_ set_view (\
_     0.950416565,    0.310979217,    0.000000000,\
_    -0.310979217,    0.950416565,    0.000000000,\
_     0.000000000,    0.000000000,    1.000000000,\
_     0.000000000,    0.000000000,  -16.569101334,\
_    -1.333813667,   -0.033899307,   -0.019556046,\
_     8.769097328,   24.369104385,  -20.000000000 )
_ set_view (\
_     0.950416565,    0.310979217,    0.000000000,\
_    -0.310979217,    0.950416565,    0.000000000,\
_     0.000000000,    0.000000000,    1.000000000,\
_     0.000000000,    0.000000000,  -16.569101334,\
_    -1.333813667,   -0.033899307,   -0.019556046,\
_     8.769096375,   24.369104385,  -20.000000000 )
_ set_view (\
_     0.950416565,    0.310979217,    0.000000000,\
_    -0.310979217,    0.950416565,    0.000000000,\
_     0.000000000,    0.000000000,    1.000000000,\
_     0.000000000,    0.000000000,  -16.569101334,\
_    -1.333813667,   -0.033899307,   -0.019556046,\
_     8.769096375,   24.369104385,  -20.000000000 )
_ set_view (\
_     0.950416565,    0.310979217,    0.000000000,\
_    -0.310979217,    0.950416565,    0.000000000,\
_     0.000000000,    0.000000000,    1.000000000,\
_     0.000000000,    0.000000000,  -16.569101334,\
_    -1.333813667,   -0.033899307,   -0.019556046,\
_     8.769096375,   24.369104385,  -20.000000000 )
_ set_view (\
_     0.950416565,    0.310979217,    0.000000000,\
_    -0.310979217,    0.950416565,    0.000000000,\
_     0.000000000,    0.000000000,    1.000000000,\
_     0.000000000,    0.000000000,  -16.569101334,\
_    -1.333813667,   -0.033899307,   -0.019556046,\
_     8.769096375,   24.369104385,  -20.000000000 )
_ set_view (\
_     0.950416565,    0.310979217,    0.000000000,\
_    -0.310979217,    0.950416565,    0.000000000,\
_     0.000000000,    0.000000000,    1.000000000,\
_     0.000000000,    0.000000000,  -16.602287292,\
_    -1.333813667,   -0.033899307,   -0.019556046,\
_     8.802282333,   24.402290344,  -20.000000000 )
_ set_view (\
_     0.950416565,    0.310979217,    0.000000000,\
_    -0.310979217,    0.950416565,    0.000000000,\
_     0.000000000,    0.000000000,    1.000000000,\
_     0.000000000,    0.000000000,  -16.635540009,\
_    -1.333813667,   -0.033899307,   -0.019556046,\
_     8.835535049,   24.435543060,  -20.000000000 )
_ set_view (\
_     0.950416565,    0.310979217,    0.000000000,\
_    -0.310979217,    0.950416565,    0.000000000,\
_     0.000000000,    0.000000000,    1.000000000,\
_     0.000000000,    0.000000000,  -16.668859482,\
_    -1.333813667,   -0.033899307,   -0.019556046,\
_     8.868854523,   24.468862534,  -20.000000000 )
_ set_view (\
_     0.950416565,    0.310979217,    0.000000000,\
_    -0.310979217,    0.950416565,    0.000000000,\
_     0.000000000,    0.000000000,    1.000000000,\
_     0.000000000,    0.000000000,  -16.702245712,\
_    -1.333813667,   -0.033899307,   -0.019556046,\
_     8.902240753,   24.502248764,  -20.000000000 )
_ set_view (\
_     0.950416565,    0.310979217,    0.000000000,\
_    -0.310979217,    0.950416565,    0.000000000,\
_     0.000000000,    0.000000000,    1.000000000,\
_     0.000000000,    0.000000000,  -16.735698700,\
_    -1.333813667,   -0.033899307,   -0.019556046,\
_     8.935693741,   24.535701752,  -20.000000000 )
_ set_view (\
_     0.950416565,    0.310979217,    0.000000000,\
_    -0.310979217,    0.950416565,    0.000000000,\
_     0.000000000,    0.000000000,    1.000000000,\
_     0.000000000,    0.000000000,  -16.769218445,\
_    -1.333813667,   -0.033899307,   -0.019556046,\
_     8.969214439,   24.569221497,  -20.000000000 )
_ set_view (\
_     0.950416565,    0.310979217,    0.000000000,\
_    -0.310979217,    0.950416565,    0.000000000,\
_     0.000000000,    0.000000000,    1.000000000,\
_     0.000000000,    0.000000000,  -16.802806854,\
_    -1.333813667,   -0.033899307,   -0.019556046,\
_     9.002801895,   24.602809906,  -20.000000000 )
_ set_view (\
_     0.950416565,    0.310979217,    0.000000000,\
_    -0.310979217,    0.950416565,    0.000000000,\
_     0.000000000,    0.000000000,    1.000000000,\
_     0.000000000,    0.000000000,  -16.870250702,\
_    -1.333813667,   -0.033899307,   -0.019556046,\
_     9.070244789,   24.670253754,  -20.000000000 )
_ set_view (\
_     0.950416565,    0.310979217,    0.000000000,\
_    -0.310979217,    0.950416565,    0.000000000,\
_     0.000000000,    0.000000000,    1.000000000,\
_     0.000000000,    0.000000000,  -16.937965393,\
_    -1.333813667,   -0.033899307,   -0.019556046,\
_     9.137958527,   24.737968445,  -20.000000000 )
_ set_view (\
_     0.950416565,    0.310979217,    0.000000000,\
_    -0.310979217,    0.950416565,    0.000000000,\
_     0.000000000,    0.000000000,    1.000000000,\
_     0.000000000,    0.000000000,  -16.971889496,\
_    -1.333813667,   -0.033899307,   -0.019556046,\
_     9.171882629,   24.771892548,  -20.000000000 )
_ set_view (\
_     0.950416565,    0.310979217,    0.000000000,\
_    -0.310979217,    0.950416565,    0.000000000,\
_     0.000000000,    0.000000000,    1.000000000,\
_     0.000000000,    0.000000000,  -17.040012360,\
_    -1.333813667,   -0.033899307,   -0.019556046,\
_     9.240005493,   24.840015411,  -20.000000000 )
_ set_view (\
_     0.950416565,    0.310979217,    0.000000000,\
_    -0.310979217,    0.950416565,    0.000000000,\
_     0.000000000,    0.000000000,    1.000000000,\
_     0.000000000,    0.000000000,  -17.074142456,\
_    -1.333813667,   -0.033899307,   -0.019556046,\
_     9.274135590,   24.874145508,  -20.000000000 )
_ set_view (\
_     0.950416565,    0.310979217,    0.000000000,\
_    -0.310979217,    0.950416565,    0.000000000,\
_     0.000000000,    0.000000000,    1.000000000,\
_     0.000000000,    0.000000000,  -17.108339310,\
_    -1.333813667,   -0.033899307,   -0.019556046,\
_     9.308333397,   24.908342361,  -20.000000000 )
_ set_view (\
_     0.950416565,    0.310979217,    0.000000000,\
_    -0.310979217,    0.950416565,    0.000000000,\
_     0.000000000,    0.000000000,    1.000000000,\
_     0.000000000,    0.000000000,  -17.142606735,\
_    -1.333813667,   -0.033899307,   -0.019556046,\
_     9.342600822,   24.942609787,  -20.000000000 )
_ set_view (\
_     0.950416565,    0.310979217,    0.000000000,\
_    -0.310979217,    0.950416565,    0.000000000,\
_     0.000000000,    0.000000000,    1.000000000,\
_     0.000000000,    0.000000000,  -17.176940918,\
_    -1.333813667,   -0.033899307,   -0.019556046,\
_     9.376935005,   24.976943970,  -20.000000000 )
_ set_view (\
_     0.950416565,    0.310979217,    0.000000000,\
_    -0.310979217,    0.950416565,    0.000000000,\
_     0.000000000,    0.000000000,    1.000000000,\
_     0.000000000,    0.000000000,  -17.211345673,\
_    -1.333813667,   -0.033899307,   -0.019556046,\
_     9.411338806,   25.011348724,  -20.000000000 )
_ set_view (\
_     0.950416565,    0.310979217,    0.000000000,\
_    -0.310979217,    0.950416565,    0.000000000,\
_     0.000000000,    0.000000000,    1.000000000,\
_     0.000000000,    0.000000000,  -17.211345673,\
_    -1.333813667,   -0.033899307,   -0.019556046,\
_     9.411337852,   25.011348724,  -20.000000000 )
set dash_gap,0.15
cmd.select('sele','none')
cmd.select('sele',"byresi((((sele) or byresi((graphdg_run-0_29`12))) and not ((byresi((graphdg_run-0_29`12))) and byresi(sele))))",enable=1)
cmd.select('sele',"byresi((((sele) or byresi((graphdg_run-0_29`11))) and not ((byresi((graphdg_run-0_29`11))) and byresi(sele))))",enable=1)
set dash_gap,0.15
set ray_shadows,off
ray 4000,4000
ray 4000,4000
cmd.select('sele',"byresi((((sele) or byresi((graphdg_run-0_29`12))) and not ((byresi((graphdg_run-0_29`12))) and byresi(sele))))",enable=1)
cmd.select('sele',"byresi((((sele) or byresi((graphdg_run-0_29`11))) and not ((byresi((graphdg_run-0_29`11))) and byresi(sele))))",enable=1)
cmd.disable('sele')
cartoon_dumbbell_length   1.8   
cartoon_oval_length  1.65
cartoon_rect_length  1.60
set_color  color1, [186,182,217]
set_color  color2, [233,195,153]
set_color  color3, [141,215,247]
set_color  color4, [206,155,198] 
set_color  color5, [251,187,62]
set_color  color6,[245,157,158]
set_color  color7, [133,188,135]
dist  dist_name, atom1, atom2
cmd.select('sele','none')
cmd.select('sele',"byresi((((sele) or byresi((graphdg_run-0_29`12))) and not ((byresi((graphdg_run-0_29`12))) and byresi(sele))))",enable=1)
cmd.center("(graphdg_run-0_29`11)",state=1)
cmd.select('sele',"byresi((((sele) or byresi((graphdg_run-0_29`11))) and not ((byresi((graphdg_run-0_29`11))) and byresi(sele))))",enable=1)
cmd.select('sele',"byresi((((sele) or byresi((graphdg_run-0_29`3))) and not ((byresi((graphdg_run-0_29`3))) and byresi(sele))))",enable=1)
cmd.select('sele',"byresi((((sele) or byresi((graphdg_run-0_29`3))) and not ((byresi((graphdg_run-0_29`3))) and byresi(sele))))",enable=1)
cmd.select('sele',"byresi((((sele) or byresi((graphdg_run-0_29`3))) and not ((byresi((graphdg_run-0_29`3))) and byresi(sele))))",enable=1)
dist
color color1,rdomain1 
color color2,rdomain2 
color color3, rdomain3 
color color4,rdomain4 
cmd.select('sele',"byresi((((sele) or byresi((graphdg_run-0_29`12))) and not ((byresi((graphdg_run-0_29`12))) and byresi(sele))))",enable=1)
cmd.select('sele',"byresi((((sele) or byresi((graphdg_run-0_29`3))) and not ((byresi((graphdg_run-0_29`3))) and byresi(sele))))",enable=1)
cmd.select('sele',"byresi((((sele) or byresi((graphdg_run-0_29`11))) and not ((byresi((graphdg_run-0_29`11))) and byresi(sele))))",enable=1)
cmd.select('sele',"byresi((((sele) or byresi((graphdg_run-0_29`12))) and not ((byresi((graphdg_run-0_29`12))) and byresi(sele))))",enable=1)
color
